# Created by Octave 5.1.0, Wed May 05 14:02:09 2021 GMT <unknown@MTRIA>
# name: t
# type: range
# base, limit, increment
0 1 0.001


# name: y
# type: matrix
# rows: 1
# columns: 1001
 0 2 3 5 6 8 10 11 13 14 16 18 19 21 22 24 26 27 29 30 32 34 35 37 38 40 42 43 45 46 48 50 51 53 54 56 57 59 61 62 64 65 67 68 70 71 73 75 76 78 79 81 82 84 85 87 88 90 91 93 94 96 97 99 100 102 103 105 106 108 109 110 112 113 115 116 118 119 121 122 123 125 126 128 129 130 132 133 134 136 137 139 140 141 143 144 145 147 148 149 150 152 153 154 156 157 158 159 161 162 163 164 166 167 168 169 170 172 173 174 175 176 178 179 180 181 182 183 184 186 187 188 189 190 191 192 193 194 195 196 197 198 199 200 201 202 203 204 205 206 207 208 209 210 211 212 213 214 214 215 216 217 218 219 220 220 221 222 223 224 224 225 226 227 227 228 229 230 230 231 232 232 233 234 234 235 236 236 237 237 238 239 239 240 240 241 241 242 242 243 243 244 244 245 245 246 246 247 247 248 248 248 249 249 249 250 250 251 251 251 251 252 252 252 253 253 253 253 254 254 254 254 254 255 255 255 255 255 255 255 255 256 256 256 256 256 256 256 256 256 256 256 256 256 256 256 256 256 256 256 255 255 255 255 255 255 255 255 254 254 254 254 254 253 253 253 253 252 252 252 251 251 251 251 250 250 249 249 249 248 248 248 247 247 246 246 245 245 244 244 243 243 242 242 241 241 240 240 239 239 238 237 237 236 236 235 234 234 233 232 232 231 230 230 229 228 227 227 226 225 224 224 223 222 221 220 220 219 218 217 216 215 214 214 213 212 211 210 209 208 207 206 205 204 203 202 201 200 199 198 197 196 195 194 193 192 191 190 189 188 187 186 184 183 182 181 180 179 178 176 175 174 173 172 170 169 168 167 166 164 163 162 161 159 158 157 156 154 153 152 150 149 148 147 145 144 143 141 140 139 137 136 134 133 132 130 129 128 126 125 123 122 121 119 118 116 115 113 112 110 109 108 106 105 103 102 100 99 97 96 94 93 91 90 88 87 85 84 82 81 79 78 76 75 73 71 70 68 67 65 64 62 61 59 57 56 54 53 51 50 48 46 45 43 42 40 38 37 35 34 32 30 29 27 26 24 22 21 19 18 16 14 13 11 10 8 6 5 3 2 0 -2 -3 -5 -6 -8 -10 -11 -13 -14 -16 -18 -19 -21 -22 -24 -26 -27 -29 -30 -32 -34 -35 -37 -38 -40 -42 -43 -45 -46 -48 -50 -51 -53 -54 -56 -57 -59 -61 -62 -64 -65 -67 -68 -70 -71 -73 -75 -76 -78 -79 -81 -82 -84 -85 -87 -88 -90 -91 -93 -94 -96 -97 -99 -100 -102 -103 -105 -106 -108 -109 -110 -112 -113 -115 -116 -118 -119 -121 -122 -123 -125 -126 -128 -129 -130 -132 -133 -134 -136 -137 -139 -140 -141 -143 -144 -145 -147 -148 -149 -150 -152 -153 -154 -156 -157 -158 -159 -161 -162 -163 -164 -166 -167 -168 -169 -170 -172 -173 -174 -175 -176 -178 -179 -180 -181 -182 -183 -184 -186 -187 -188 -189 -190 -191 -192 -193 -194 -195 -196 -197 -198 -199 -200 -201 -202 -203 -204 -205 -206 -207 -208 -209 -210 -211 -212 -213 -214 -214 -215 -216 -217 -218 -219 -220 -220 -221 -222 -223 -224 -224 -225 -226 -227 -227 -228 -229 -230 -230 -231 -232 -232 -233 -234 -234 -235 -236 -236 -237 -237 -238 -239 -239 -240 -240 -241 -241 -242 -242 -243 -243 -244 -244 -245 -245 -246 -246 -247 -247 -248 -248 -248 -249 -249 -249 -250 -250 -251 -251 -251 -251 -252 -252 -252 -253 -253 -253 -253 -254 -254 -254 -254 -254 -255 -255 -255 -255 -255 -255 -255 -255 -256 -256 -256 -256 -256 -256 -256 -256 -256 -256 -256 -256 -256 -256 -256 -256 -256 -256 -256 -255 -255 -255 -255 -255 -255 -255 -255 -254 -254 -254 -254 -254 -253 -253 -253 -253 -252 -252 -252 -251 -251 -251 -251 -250 -250 -249 -249 -249 -248 -248 -248 -247 -247 -246 -246 -245 -245 -244 -244 -243 -243 -242 -242 -241 -241 -240 -240 -239 -239 -238 -237 -237 -236 -236 -235 -234 -234 -233 -232 -232 -231 -230 -230 -229 -228 -227 -227 -226 -225 -224 -224 -223 -222 -221 -220 -220 -219 -218 -217 -216 -215 -214 -214 -213 -212 -211 -210 -209 -208 -207 -206 -205 -204 -203 -202 -201 -200 -199 -198 -197 -196 -195 -194 -193 -192 -191 -190 -189 -188 -187 -186 -184 -183 -182 -181 -180 -179 -178 -176 -175 -174 -173 -172 -170 -169 -168 -167 -166 -164 -163 -162 -161 -159 -158 -157 -156 -154 -153 -152 -150 -149 -148 -147 -145 -144 -143 -141 -140 -139 -137 -136 -134 -133 -132 -130 -129 -128 -126 -125 -123 -122 -121 -119 -118 -116 -115 -113 -112 -110 -109 -108 -106 -105 -103 -102 -100 -99 -97 -96 -94 -93 -91 -90 -88 -87 -85 -84 -82 -81 -79 -78 -76 -75 -73 -71 -70 -68 -67 -65 -64 -62 -61 -59 -57 -56 -54 -53 -51 -50 -48 -46 -45 -43 -42 -40 -38 -37 -35 -34 -32 -30 -29 -27 -26 -24 -22 -21 -19 -18 -16 -14 -13 -11 -10 -8 -6 -5 -3 -2 -0


